3
0.543
0.573
1.518
1.0311
0.4609
0.5720
2.9370
0.9740
1.0120
1.9440
1.1410
2.7686
0.5854
2.4094
2.9666
0.8960
3.0220
0.5910
1.1510
2.4770
0.5970
0.5720
1.1660
0.7050
3.3340
2.5330
1.1680
3.2460
2.8830
2.1560
1.2220
0.5580
3.3470
0.5530
2.8270
1.1286
0.4644
2.5630
1.0100
0.5420
3.0710
0.4580
1.2410
1.9700
0.5060
3.5410
0.7090
2.9230
2.8646
1.1864
3.4270
1.0970
0.5180
3.4706
0.4444
0.7659
1.1781
0.4420
0.6160
0.9420
0.3940
3.0540
1.0040
2.9060
0.7580
0.3670
1.2290
0.7780
0.4290
0.8300
0.6750
0.5720
0.3770
0.4620
0.5220
0.3870
0.8980
0.2090
0.8110
0.6160
0.7900
0.6330
2.2300
0.4090
0.9420
0.6080
0.3870
0.3810
0.3600
0.5280
0.3060
0.6010
0.8250
0.6320
0.7910
0.3810
1.1350
0.4600
0.6220
0.5300
0.7650
0.6330
0.3740
0.7067
0.3533
2.2140
0.8250
0.7380
0.4030
0.3590
0.5220
0.6300
0.4010
0.4900
0.7050
0.4790
0.5930
0.6110
0.5090
0.4120
0.3730
0.6220
0.6940
0.3600
0.6700
0.6470
0.4760
0.3530
1.0380